1	C1	6	0.345	0.709	0.871	1
2	C1	6	0.845	0.209	0.871	9
3	C1	6	0.655	0.291	0.129	3
4	C1	6	0.155	0.791	0.129	11
5	C1	6	0.655	0.709	0.629	5
6	C1	6	0.155	0.209	0.629	13
7	C1	6	0.345	0.291	0.371	7
8	C1	6	0.845	0.791	0.371	15
9	C2	6	0.626	0.184	0.623	1
10	C2	6	0.126	0.684	0.623	9
11	C2	6	0.374	0.816	0.377	3
12	C2	6	0.874	0.316	0.377	11
13	C2	6	0.374	0.184	0.877	5
14	C2	6	0.874	0.684	0.877	13
15	C2	6	0.626	0.816	0.123	7
16	C2	6	0.126	0.316	0.123	15
17	C3	6	0.379	0.941	0.62	1
18	C3	6	0.879	0.441	0.62	9
19	C3	6	0.621	0.059	0.38	3
20	C3	6	0.121	0.559	0.38	11
21	C3	6	0.621	0.941	0.88	5
22	C3	6	0.121	0.441	0.88	13
23	C3	6	0.379	0.059	0.12	7
24	C3	6	0.879	0.559	0.12	15
25	C4	6	0.596	0.468	0.878	1
26	C4	6	0.096	0.968	0.878	9
27	C4	6	0.404	0.532	0.122	3
28	C4	6	0.904	0.032	0.122	11
29	C4	6	0.404	0.468	0.622	5
30	C4	6	0.904	0.968	0.622	13
31	C4	6	0.596	0.532	0.378	7
32	C4	6	0.096	0.032	0.378	15
33	Br1	35	0.3545	0.7726	0.7904	1
34	Br1	35	0.8545	0.2726	0.7904	9
35	Br1	35	0.6455	0.2274	0.2096	3
36	Br1	35	0.1455	0.7274	0.2096	11
37	Br1	35	0.6455	0.7726	0.7096	5
38	Br1	35	0.1455	0.2726	0.7096	13
39	Br1	35	0.3545	0.2274	0.2904	7
40	Br1	35	0.8545	0.7274	0.2904	15
41	Br2	35	0.2697	0.769	0.8935	1
42	Br2	35	0.7697	0.269	0.8935	9
43	Br2	35	0.7303	0.231	0.1065	3
44	Br2	35	0.2303	0.731	0.1065	11
45	Br2	35	0.7303	0.769	0.6065	5
46	Br2	35	0.2303	0.269	0.6065	13
47	Br2	35	0.2697	0.231	0.3935	7
48	Br2	35	0.7697	0.731	0.3935	15
49	Br3	35	0.4248	0.7368	0.9488	1
50	Br3	35	0.9248	0.2368	0.9488	9
51	Br3	35	0.5752	0.2632	0.0512	3
52	Br3	35	0.0752	0.7632	0.0512	11
53	Br3	35	0.5752	0.7368	0.5512	5
54	Br3	35	0.0752	0.2368	0.5512	13
55	Br3	35	0.4248	0.2632	0.4488	7
56	Br3	35	0.9248	0.7632	0.4488	15
57	Br4	35	0.3322	0.5591	0.8527	1
58	Br4	35	0.8322	0.0591	0.8527	9
59	Br4	35	0.6678	0.4409	0.1473	3
60	Br4	35	0.1678	0.9409	0.1473	11
61	Br4	35	0.6678	0.5591	0.6473	5
62	Br4	35	0.1678	0.0591	0.6473	13
63	Br4	35	0.3322	0.4409	0.3527	7
64	Br4	35	0.8322	0.9409	0.3527	15
65	Br5	35	0.7064	0.1023	0.6432	1
66	Br5	35	0.2064	0.6023	0.6432	9
67	Br5	35	0.2936	0.8977	0.3568	3
68	Br5	35	0.7936	0.3977	0.3568	11
69	Br5	35	0.2936	0.1023	0.8568	5
70	Br5	35	0.7936	0.6023	0.8568	13
71	Br5	35	0.7064	0.8977	0.1432	7
72	Br5	35	0.2064	0.3977	0.1432	15
73	Br6	35	0.6296	0.2636	0.7038	1
74	Br6	35	0.1296	0.7636	0.7038	9
75	Br6	35	0.3704	0.7364	0.2962	3
76	Br6	35	0.8704	0.2364	0.2962	11
77	Br6	35	0.3704	0.2636	0.7962	5
78	Br6	35	0.8704	0.7636	0.7962	13
79	Br6	35	0.6296	0.7364	0.2038	7
80	Br6	35	0.1296	0.2364	0.2038	15
81	Br7	35	0.5516	0.0892	0.6002	1
82	Br7	35	0.0516	0.5892	0.6002	9
83	Br7	35	0.4484	0.9108	0.3998	3
84	Br7	35	0.9484	0.4108	0.3998	11
85	Br7	35	0.4484	0.0892	0.8998	5
86	Br7	35	0.9484	0.5892	0.8998	13
87	Br7	35	0.5516	0.9108	0.1002	7
88	Br7	35	0.0516	0.4108	0.1002	15
89	Br8	35	0.6167	0.2821	0.5458	1
90	Br8	35	0.1167	0.7821	0.5458	9
91	Br8	35	0.3833	0.7179	0.4542	3
92	Br8	35	0.8833	0.2179	0.4542	11
93	Br8	35	0.3833	0.2821	0.9542	5
94	Br8	35	0.8833	0.7821	0.9542	13
95	Br8	35	0.6167	0.7179	0.0458	7
96	Br8	35	0.1167	0.2179	0.0458	15
97	Br9	35	0.4578	0.851	0.6389	1
98	Br9	35	0.9578	0.351	0.6389	9
99	Br9	35	0.5422	0.149	0.3611	3
100	Br9	35	0.0422	0.649	0.3611	11
101	Br9	35	0.5422	0.851	0.8611	5
102	Br9	35	0.0422	0.351	0.8611	13
103	Br9	35	0.4578	0.149	0.1389	7
104	Br9	35	0.9578	0.649	0.1389	15
105	Br10	35	0.3906	0.0411	0.693	1
106	Br10	35	0.8906	0.5411	0.693	9
107	Br10	35	0.6094	0.9589	0.307	3
108	Br10	35	0.1094	0.4589	0.307	11
109	Br10	35	0.6094	0.0411	0.807	5
110	Br10	35	0.1094	0.5411	0.807	13
111	Br10	35	0.3906	0.9589	0.193	7
112	Br10	35	0.8906	0.4589	0.193	15
113	Br11	35	0.3029	0.842	0.6035	1
114	Br11	35	0.8029	0.342	0.6035	9
115	Br11	35	0.6971	0.158	0.3965	3
116	Br11	35	0.1971	0.658	0.3965	11
117	Br11	35	0.6971	0.842	0.8965	5
118	Br11	35	0.1971	0.342	0.8965	13
119	Br11	35	0.3029	0.158	0.1035	7
120	Br11	35	0.8029	0.658	0.1035	15
121	Br12	35	0.3656	0.0272	0.5451	1
122	Br12	35	0.8656	0.5272	0.5451	9
123	Br12	35	0.6344	0.9728	0.4549	3
124	Br12	35	0.1344	0.4728	0.4549	11
125	Br12	35	0.6344	0.0272	0.9549	5
126	Br12	35	0.1344	0.5272	0.9549	13
127	Br12	35	0.3656	0.9728	0.0451	7
128	Br12	35	0.8656	0.4728	0.0451	15
129	Br13	35	0.6025	0.5475	0.8037	1
130	Br13	35	0.1025	0.0475	0.8037	9
131	Br13	35	0.3975	0.4525	0.1963	3
132	Br13	35	0.8975	0.9525	0.1963	11
133	Br13	35	0.3975	0.5475	0.6963	5
134	Br13	35	0.8975	0.0475	0.6963	13
135	Br13	35	0.6025	0.4525	0.3037	7
136	Br13	35	0.1025	0.9525	0.3037	15
137	Br14	35	0.6762	0.4902	0.9542	1
138	Br14	35	0.1762	0.9902	0.9542	9
139	Br14	35	0.3238	0.5098	0.0458	3
140	Br14	35	0.8238	0.0098	0.0458	11
141	Br14	35	0.3238	0.4902	0.5458	5
142	Br14	35	0.8238	0.9902	0.5458	13
143	Br14	35	0.6762	0.5098	0.4542	7
144	Br14	35	0.1762	0.0098	0.4542	15
145	Br15	35	0.5214	0.5257	0.8942	1
146	Br15	35	0.0214	0.0257	0.8942	9
147	Br15	35	0.4786	0.4743	0.1058	3
148	Br15	35	0.9786	0.9743	0.1058	11
149	Br15	35	0.4786	0.5257	0.6058	5
150	Br15	35	0.9786	0.0257	0.6058	13
151	Br15	35	0.5214	0.4743	0.3942	7
152	Br15	35	0.0214	0.9743	0.3942	15
153	Br16	35	0.5844	0.3107	0.8608	1
154	Br16	35	0.0844	0.8107	0.8608	9
155	Br16	35	0.4156	0.6893	0.1392	3
156	Br16	35	0.9156	0.1893	0.1392	11
157	Br16	35	0.4156	0.3107	0.6392	5
158	Br16	35	0.9156	0.8107	0.6392	13
159	Br16	35	0.5844	0.6893	0.3608	7
160	Br16	35	0.0844	0.1893	0.3608	15